Region	Sex	Age	1986	1987	1988	1989	1990	1991	1992	1993	1994	1995	1996	1997	1998	1999	2000	2001	2002	2003	2004	2005	2006	2007	2008	2009	2010	2011	2012	2013	2014	2015	2016	2017	2018	2019	2020
0 The whole country	Males	30	32063	32403	32287	32609	32922	32288	32660	32966	33303	34838	35151	35580	35150	36096	36326	34926	35226	34898	33631	32783	31353	30475	30083	31480	32004	32895	32899	34725	35117	35358	36139	37026	36771	38400	39255
0 The whole country	Males	31	31430	32140	32655	32447	32577	32855	32383	32786	33016	33339	34903	35217	35658	35338	36290	36489	35082	35390	34994	33772	33067	31762	31352	30870	32132	32667	33866	33920	35486	35841	35857	36454	37290	37094	39000
0 The whole country	Males	32	31648	31518	32366	32780	32328	32492	32919	32493	32818	33029	33364	34946	35333	35821	35516	36410	36525	35283	35405	35148	34033	33483	32593	32174	31441	32813	33596	34747	34594	36104	36284	36176	36684	37425	37580
0 The whole country	Males	33	31491	31725	31730	32508	32647	32234	32568	32957	32470	32794	33013	33373	35078	35426	36014	35622	36418	36628	35316	35546	35453	34397	34269	33285	32672	32098	33611	34482	35391	35190	36462	36422	36350	36912	37893
0 The whole country	Males	34	30704	31538	31866	31790	32421	32566	32240	32609	32964	32419	32786	33008	33419	35169	35570	36131	35607	36528	36640	35395	35768	35790	35096	34974	33756	33216	32864	34396	35102	35950	35454	36571	36580	36433	37324
0 The whole country	Males	35	31384	30744	31647	31924	31704	32315	32557	32244	32619	32967	32456	32788	33000	33534	35311	35631	36133	35717	36562	36728	35626	36106	36431	35792	35345	34207	33971	33555	34955	35569	36250	35485	36702	36697	36743
0 The whole country	Males	36	31649	31346	30838	31731	31784	31625	32333	32615	32253	32613	32980	32447	32790	33094	33681	35308	35664	36193	35724	36637	36869	35914	36746	37014	36144	35826	34873	34571	34031	35366	35791	36388	35604	36765	37027
0 The whole country	Males	37	32613	31626	31440	30862	31648	31652	31594	32345	32638	32233	32586	32947	32452	32822	33256	33680	35271	35760	36186	35768	36818	37154	36518	37347	37338	36500	36400	35415	34970	34398	35649	35872	36449	35618	37036
0 The whole country	Males	38	33284	32620	31701	31469	30731	31528	31610	31606	32284	32639	32220	32551	32914	32492	32936	33286	33662	35343	35793	36241	35899	37064	37647	37031	37626	37687	37030	36874	35759	35393	34618	35696	35858	36496	35869
0 The whole country	Males	39	34770	33276	32654	31707	31331	30609	31520	31620	31601	32272	32612	32168	32559	32952	32564	32909	33244	33690	35338	35783	36361	36111	37534	38069	37379	37917	38221	37495	37269	36102	35583	34636	35701	35890	36693
0 The whole country	Males	40	31151	34731	33318	32658	31554	31223	30544	31481	31589	31596	32220	32556	32140	32574	32979	32614	32900	33260	33661	35371	35849	36568	36597	37965	38314	37649	38341	38622	37795	37573	36287	35592	34610	35731	36077
0 The whole country	Males	41	30233	31107	34759	33288	32495	31443	31181	30523	31462	31564	31577	32158	32481	32093	32650	32962	32574	32884	33268	33627	35425	36054	36973	37005	38176	38575	38053	38699	38908	38059	37716	36268	35593	34544	35875
0 The whole country	Males	42	26672	30201	31082	34727	33146	32350	31401	31134	30488	31417	31504	31494	32136	32510	32149	32629	32927	32595	32846	33244	33745	35598	36470	37345	37225	38410	38952	38375	38900	39133	38166	37717	36233	35594	34706
0 The whole country	Males	43	24478	26640	30174	31024	34541	33000	32257	31344	31085	30452	31383	31436	31427	32133	32551	32084	32568	32933	32553	32879	33338	33909	35937	36794	37515	37439	38727	39233	38581	39065	39229	38152	37648	36237	35713
0 The whole country	Males	44	21420	24441	26623	30097	30854	34404	32923	32214	31311	31039	30388	31303	31400	31410	32164	32475	32034	32530	32907	32535	32914	33512	34261	36237	36950	37683	37719	38973	39373	38701	39115	39173	38114	37644	36319
0 The whole country	Males	45	22181	21383	24392	26561	29937	30722	34285	32847	32168	31262	30967	30297	31231	31343	31414	32060	32390	32017	32432	32859	32598	33022	33816	34539	36402	37085	37910	37895	39085	39505	38742	39058	39153	38042	37771
0 The whole country	Males	46	21412	22132	21310	24298	26411	29735	30640	34206	32764	32093	31151	30888	30212	31173	31319	31341	31971	32362	31943	32390	32877	32712	33286	34050	34671	36579	37315	38068	37984	39159	39554	38735	39022	39157	38163
0 The whole country	Males	47	20741	21330	22072	21257	24145	26281	29650	30534	34096	32656	31996	31062	30804	30139	31128	31228	31268	31912	32285	31932	32431	32951	32973	33479	34141	34755	36743	37445	38149	38108	39153	39457	38644	38968	39253
0 The whole country	Males	48	19793	20655	21260	21984	21115	24040	26171	29552	30458	34021	32536	31895	31012	30744	30120	31033	31107	31221	31835	32240	31919	32507	33147	33160	33547	34254	34942	36838	37478	38211	38066	39088	39373	38611	39033
0 The whole country	Males	49	19197	19706	20564	21185	21842	20995	23921	26062	29475	30326	33885	32382	31792	30910	30669	30012	30907	31035	31137	31786	32188	31969	32644	33301	33173	33560	34381	35042	36856	37519	38166	37964	39008	39296	38611
0 The whole country	Males	50	18199	19110	19595	20458	21042	21691	20882	23830	25990	29379	30195	33690	32248	31686	30823	30572	29882	30833	30946	31069	31728	32218	32126	32792	33367	33197	33664	34412	35006	36848	37461	38054	37867	38891	39317
0 The whole country	Males	51	18616	18108	18977	19488	20322	20922	21592	20767	23724	25847	29226	30046	33570	32124	31547	30679	30446	29797	30697	30843	30995	31708	32346	32200	32806	33368	33284	33714	34377	34974	36758	37337	37916	37784	38884
0 The whole country	Males	52	18704	18513	17999	18873	19356	20179	20791	21476	20701	23600	25712	29070	29924	33454	32008	31409	30543	30336	29666	30567	30764	30972	31741	32354	32136	32817	33431	33294	33663	34322	34894	36612	37233	37842	37722
0 The whole country	Males	53	19723	18554	18366	17876	18736	19217	20025	20696	21396	20586	23445	25575	28938	29783	33310	31829	31217	30426	30176	29542	30467	30690	30968	31752	32325	32122	32859	33453	33231	33591	34225	34723	36477	37089	37814
0 The whole country	Males	54	19635	19548	18415	18225	17695	18604	19075	19910	20571	21306	20484	23327	25404	28806	29678	33101	31635	31039	30259	30028	29416	30384	30668	30948	31645	32276	32122	32855	33349	33172	33461	34044	34590	36341	37040
0 The whole country	Males	55	20365	19486	19383	18262	18045	17533	18483	18948	19810	20434	21163	20355	23204	25258	28634	29491	32884	31416	30870	30103	29878	29303	30349	30614	30846	31557	32257	32053	32703	33246	33039	33284	33903	34436	36245
0 The whole country	Males	56	20042	20201	19272	19208	18073	17846	17396	18348	18823	19671	20295	21021	20225	23049	25116	28423	29297	32696	31234	30674	29937	29754	29227	30232	30455	30738	31501	32202	31891	32590	33054	32876	33147	33786	34357
0 The whole country	Males	57	20248	19846	19984	19074	19008	17876	17645	17251	18214	18680	19493	20165	20867	20070	22928	24922	28224	29099	32445	31001	30512	29789	29619	29117	30132	30321	30633	31386	32035	31722	32433	32859	32701	32967	33631
0 The whole country	Males	58	20153	19981	19618	19730	18867	18798	17674	17447	17101	18068	18500	19319	20015	20715	19931	22745	24748	28002	28880	32197	30780	30323	29652	29449	28957	30000	30211	30490	31164	31866	31554	32228	32648	32503	32836
0 The whole country	Males	59	21139	19889	19707	19387	19473	18634	18604	17480	17258	16944	17880	18304	19142	19828	20569	19723	22526	24549	27763	28645	31948	30544	30158	29497	29275	28773	29823	30037	30291	31026	31667	31328	31997	32448	32363
0 The whole country	Males	60	20950	20823	19604	19422	19108	19236	18396	18374	17297	17039	16750	17682	18131	18921	19668	20389	19528	22311	24330	27502	28395	31705	30305	29922	29310	29111	28603	29623	29791	30102	30803	31440	31081	31775	32248
0 The whole country	Males	61	21795	20611	20516	19283	19129	18848	18976	18157	18130	17091	16844	16541	17464	17964	18724	19451	20182	19272	22104	24099	27265	28121	31462	30067	29688	29110	28898	28378	29377	29578	29880	30533	31194	30837	31570
0 The whole country	Males	62	22229	21400	20216	20148	18958	18820	18550	18685	17876	17903	16863	16592	16324	17223	17770	18491	19216	19944	19010	21860	23806	26961	27854	31161	29821	29427	28844	28610	28129	29137	29292	29575	30279	30966	30629
0 The whole country	Males	63	21822	21826	21004	19849	19792	18608	18515	18254	18403	17631	17659	16642	16385	16073	16983	17507	18226	18925	19684	18782	21631	23531	26669	27500	30842	29484	29129	28569	28323	27860	28851	28997	29328	29972	30668
0 The whole country	Males	64	21580	21363	21361	20558	19443	19426	18281	18153	17943	18086	17345	17400	16356	16090	15830	16723	17220	17973	18656	19447	18554	21385	23256	26361	27175	30510	29211	28832	28277	28053	27592	28569	28682	29040	29701
0 The whole country	Males	65	22963	21084	20855	20876	20079	19019	19000	17931	17775	17585	17757	17054	17140	16084	15804	15565	16443	16962	17712	18399	19163	18301	21057	22963	26049	26846	30120	28886	28527	27967	27764	27266	28261	28378	28740
0 The whole country	Males	66	18994	22421	20571	20366	20422	19613	18623	18605	17535	17399	17218	17402	16738	16833	15783	15504	15308	16142	16649	17394	18147	18895	18046	20748	22641	25658	26501	29757	28518	28185	27644	27428	26945	27952	28104
0 The whole country	Males	67	19187	18459	21810	20029	19796	19911	19123	18178	18199	17096	16978	16857	17065	16399	16481	15493	15202	15001	15793	16359	17134	17850	18571	17756	20429	22305	25242	26071	29315	28153	27814	27253	27029	26627	27604
0 The whole country	Males	68	18931	18607	17886	21177	19424	19200	19362	18660	17718	17753	16667	16570	16463	16694	16022	16081	15145	14835	14673	15499	16042	16822	17517	18220	17434	20083	21968	24842	25647	28875	27746	27401	26868	26679	26278
0 The whole country	Males	69	17335	18293	17985	17349	20509	18826	18596	18799	18086	17211	17247	16247	16123	16012	16275	15634	15695	14765	14488	14339	15177	15702	16499	17209	17914	17104	19737	21617	24412	25239	28402	27357	26998	26489	26318
0 The whole country	Males	70	16640	16707	17594	17341	16759	19786	18196	18000	18188	17525	16681	16751	15788	15660	15613	15830	15188	15296	14404	14161	14004	14878	15374	16191	16880	17588	16783	19383	21223	23967	24794	27934	26932	26585	26058
0 The whole country	Males	71	16237	16013	16050	16922	16672	16135	19036	17555	17328	17552	16906	16115	16189	15291	15175	15170	15375	14757	14890	14010	13815	13714	14550	15028	15856	16507	17217	16450	19046	20833	23535	24341	27460	26482	26143
0 The whole country	Males	72	15508	15522	15262	15351	16222	15938	15467	18273	16828	16687	16913	16305	15540	15590	14743	14682	14664	14896	14321	14461	13674	13444	13346	14193	14678	15498	16138	16807	16096	18642	20399	23029	23858	26920	25994
0 The whole country	Males	73	14871	14753	14758	14541	14600	15485	15274	14795	17406	16115	15976	16194	15660	14955	14986	14193	14197	14164	14426	13912	14011	13242	13085	12975	13833	14289	15120	15730	16410	15717	18231	19952	22547	23382	26396
0 The whole country	Males	74	13807	14065	13997	13974	13796	13834	14735	14522	14039	16642	15409	15255	15478	15016	14333	14381	13647	13634	13613	13905	13424	13599	12825	12688	12586	13453	13832	14702	15277	15946	15335	17808	19486	22031	22809
0 The whole country	Males	75	12676	12996	13252	13189	13249	13000	13138	13954	13762	13325	15804	14619	14504	14750	14311	13707	13768	13049	13142	13118	13390	12946	13106	12390	12261	12196	13000	13455	14273	14836	15506	14931	17375	18987	21460
0 The whole country	Males	76	11949	11874	12196	12350	12393	12443	12205	12323	13079	13005	12555	14908	13820	13743	13973	13595	13054	13100	12458	12595	12568	12880	12436	12631	11967	11812	11770	12560	13027	13804	14357	15034	14532	16856	18447
0 The whole country	Males	77	10611	11120	11064	11369	11600	11536	11619	11446	11572	12275	12203	11792	14022	13007	12935	13206	12853	12359	12462	11892	12029	12049	12293	11903	12112	11445	11360	11355	12031	12562	13324	13890	14552	14071	16354
0 The whole country	Males	78	9496	9822	10286	10227	10528	10747	10696	10783	10640	10787	11415	11383	11067	13098	12170	12169	12331	12101	11682	11852	11267	11444	11438	11666	11341	11566	10934	10856	10870	11552	12059	12832	13364	13975	13571
0 The whole country	Males	79	8607	8705	8985	9451	9351	9677	9875	9885	9923	9873	9952	10590	10533	10255	12174	11326	11343	11494	11374	11005	11143	10644	10818	10735	11057	10758	10963	10359	10341	10400	11061	11565	12266	12839	13417
0 The whole country	Males	80	7490	7870	7885	8160	8607	8525	8858	9028	8978	9103	9051	9160	9710	9706	9473	11246	10503	10501	10747	10606	10303	10453	9942	10140	10098	10449	10171	10373	9783	9806	9879	10556	11000	11687	12269
0 The whole country	Males	81	6752	6744	7118	7132	7324	7762	7730	8012	8149	8170	8266	8232	8333	8839	8835	8673	10298	9635	9698	9875	9819	9585	9705	9267	9486	9426	9736	9540	9744	9189	9254	9349	9978	10445	11121
0 The whole country	Males	82	6134	6044	6011	6332	6395	6517	6924	6916	7171	7334	7334	7445	7385	7540	7990	7984	7850	9380	8781	8865	9060	9070	8847	8973	8554	8781	8785	9039	8863	9098	8607	8674	8776	9328	9870
0 The whole country	Males	83	5369	5455	5332	5313	5574	5680	5783	6127	6132	6352	6518	6614	6686	6552	6687	7116	7112	7045	8446	7974	8049	8248	8232	8113	8233	7854	8098	8039	8358	8182	8405	8017	8070	8177	8714
0 The whole country	Males	84	4536	4705	4728	4689	4626	4850	4919	5056	5358	5374	5533	5705	5810	5892	5746	5892	6275	6323	6269	7581	7170	7262	7431	7428	7356	7442	7087	7322	7277	7705	7496	7740	7386	7463	7548
0 The whole country	Males	85	3766	3918	4046	4126	4064	4017	4226	4267	4311	4660	4678	4798	4962	5067	5090	5009	5115	5477	5593	5564	6697	6353	6468	6602	6646	6622	6661	6376	6592	6579	6971	6831	7031	6759	6805
0 The whole country	Males	86	3135	3189	3351	3421	3551	3435	3409	3591	3567	3731	3951	4033	4126	4278	4305	4367	4308	4386	4741	4925	4836	5866	5543	5679	5787	5891	5878	5924	5685	5913	5863	6240	6130	6345	6097
0 The whole country	Males	87	2768	2652	2616	2804	2865	2986	2880	2869	2976	3012	3130	3344	3379	3506	3598	3664	3738	3680	3728	4083	4251	4183	5037	4721	4943	5023	5097	5182	5186	5040	5218	5145	5536	5434	5674
0 The whole country	Males	88	2122	2311	2193	2118	2330	2353	2478	2377	2332	2450	2433	2581	2736	2801	2908	3003	3083	3063	3054	3145	3427	3612	3558	4265	4046	4266	4310	4355	4503	4466	4398	4513	4470	4833	4752
0 The whole country	Males	89	1720	1727	1890	1766	1697	1871	1899	2032	1909	1898	1980	1988	2088	2218	2280	2386	2451	2499	2533	2540	2628	2870	3011	2990	3594	3387	3619	3660	3700	3877	3823	3768	3888	3838	4161
0 The whole country	Males	90	1373	1375	1406	1529	1401	1348	1500	1524	1616	1554	1503	1577	1598	1689	1741	1834	1894	1933	2007	2048	2021	2141	2341	2467	2429	2979	2807	2955	3038	3083	3200	3244	3162	3245	3251
0 The whole country	Males	91	1008	1069	1083	1111	1189	1088	1065	1130	1180	1280	1181	1187	1214	1268	1333	1386	1437	1510	1513	1599	1619	1616	1686	1862	1983	1932	2432	2239	2407	2429	2502	2649	2658	2625	2661
0 The whole country	Males	92	765	781	789	829	855	889	821	801	823	919	960	913	911	933	966	1001	1043	1071	1126	1174	1240	1269	1239	1240	1447	1562	1487	1909	1776	1919	1924	1992	2116	2110	2077
0 The whole country	Males	93	541	573	586	605	607	622	662	613	562	614	671	708	685	685	682	712	743	755	796	827	912	937	953	935	953	1091	1234	1109	1477	1374	1474	1484	1539	1682	1671
0 The whole country	Males	94	389	396	421	429	466	427	459	489	417	392	435	486	491	493	481	483	528	526	552	587	604	702	678	700	690	695	821	900	848	1076	1023	1111	1119	1197	1263
0 The whole country	Males	95	230	273	285	290	312	326	296	345	337	273	271	311	336	353	326	324	345	381	375	415	416	441	491	474	524	496	493	607	671	606	784	724	828	835	893
0 The whole country	Males	96	159	149	186	213	195	216	238	210	239	236	191	180	211	233	236	229	220	233	266	241	281	306	305	344	317	379	335	331	420	479	447	547	499	579	622
0 The whole country	Males	97	105	116	98	134	148	132	156	160	147	158	155	126	118	154	145	153	140	136	167	170	163	174	200	197	235	222	259	237	223	296	320	291	362	356	405
0 The whole country	Males	98	93	65	76	58	81	95	94	101	108	97	107	104	76	74	106	95	96	93	88	117	121	113	116	133	130	148	150	157	153	149	188	207	200	234	229
0 The whole country	Males	99	52	65	38	52	31	52	58	63	63	66	61	64	63	47	48	73	49	58	60	69	76	75	73	69	86	81	91	100	109	101	104	127	130	131	161
0 The whole country	Males	100	25	29	35	30	35	20	29	36	39	36	45	39	33	36	26	33	45	35	36	38	44	50	45	45	43	51	58	67	61	71	58	63	73	75	87
0 The whole country	Males	101	20	18	19	22	17	22	13	13	22	27	17	29	19	20	20	18	26	27	18	21	24	25	26	21	29	24	30	42	38	39	43	35	38	38	43
0 The whole country	Males	102	2	12	9	14	11	14	11	7	6	12	19	10	16	8	15	11	8	15	16	9	12	16	12	12	12	12	15	18	22	23	20	24	24	20	17
0 The whole country	Males	103	6	1	6	3	7	5	9	11	4	4	8	11	10	8	5	6	4	6	11	9	7	7	8	10	8	7	7	8	15	9	17	9	18	18	12
0 The whole country	Males	104	0	4	0	3	2	3	2	3	6	2	3	5	6	6	6	2	3	3	1	5	5	3	5	6	5	6	5	2	5	7	4	8	5	12	12
0 The whole country	Males	105	3	2	3	3	2	2	3	2	3	4	4	4	8	11	9	9	3	3	3	1	5	7	10	11	6	3	4	6	4	8	12	11	16	16	19
0 The whole country	Females	30	30515	31207	30730	31037	30898	30640	30864	31089	31983	32794	33215	33643	33815	34495	35024	33809	34311	33968	32599	32522	31054	29941	29306	30309	31121	31568	32072	32915	33014	33923	34362	35115	35955	37281	37899
0 The whole country	Females	31	30280	30595	31309	30845	31020	30910	30699	30957	31195	32083	32881	33321	33758	33982	34750	35131	33921	34544	34088	32747	32742	31353	30412	29890	30841	31557	32085	32554	33413	33407	34271	34616	35320	36174	37654
0 The whole country	Females	32	30311	30325	30707	31372	30818	31002	30927	30767	31068	31269	32116	32905	33404	33850	34189	34870	35206	34180	34675	34226	32959	33011	31747	30931	30282	31252	32014	32616	33035	33808	33579	34420	34818	35522	36480
0 The whole country	Females	33	29736	30328	30406	30751	31372	30776	31030	30984	30853	31153	31310	32153	32994	33477	34013	34269	34995	35404	34310	34806	34437	33138	33342	32190	31289	30737	31675	32485	33035	33379	34106	33812	34625	34968	35879
0 The whole country	Females	34	28544	29778	30400	30475	30786	31369	30820	31076	31092	30928	31149	31354	32222	33106	33646	34080	34334	35135	35521	34451	35013	34658	33448	33738	32620	31672	31157	32129	32876	33390	33628	34271	33998	34763	35260
0 The whole country	Females	35	29323	28570	29824	30441	30416	30796	31404	30894	31191	31127	30992	31140	31419	32316	33258	33690	34117	34477	35219	35606	34636	35207	34966	33798	34138	32950	32019	31601	32509	33172	33727	33763	34474	34148	35043
0 The whole country	Females	36	29542	29349	28586	29827	30422	30395	30824	31441	30974	31217	31166	31022	31193	31510	32462	33280	33749	34231	34571	35332	35759	34842	35457	35312	34121	34466	33271	32379	31933	32831	33380	33975	33945	34599	34410
0 The whole country	Females	37	30220	29532	29366	28589	29800	30388	30382	30855	31534	31032	31272	31168	31082	31287	31651	32515	33335	33866	34347	34621	35467	35933	35065	35768	35598	34391	34768	33584	32701	32182	33046	33545	34153	34097	34780
0 The whole country	Females	38	31352	30208	29552	29408	28531	29806	30362	30432	30917	31557	31058	31271	31242	31113	31408	31674	32534	33453	33961	34402	34749	35591	36134	35331	36031	35835	34680	35081	33853	32968	32360	33250	33707	34252	34297
0 The whole country	Females	39	32678	31359	30226	29564	29360	28509	29797	30389	30504	30944	31577	31015	31287	31301	31184	31409	31687	32667	33533	34010	34471	34882	35790	36381	35583	36260	36102	35012	35348	34062	33121	32532	33400	33835	34425
0 The whole country	Females	40	29431	32661	31360	30234	29518	29314	28505	29786	30436	30560	30933	31559	31056	31336	31356	31211	31425	31752	32694	33597	34092	34540	35027	36030	36579	35798	36475	36359	35218	35533	34239	33240	32701	33516	33954
0 The whole country	Females	41	28139	29436	32663	31316	30166	29453	29322	28515	29818	30467	30519	30917	31576	31072	31399	31351	31245	31504	31770	32747	33674	34166	34678	35236	36241	36776	36047	36651	36557	35406	35739	34358	33354	32815	33625
0 The whole country	Females	42	25249	28126	29419	32609	31288	30122	29473	29340	28566	29853	30464	30523	30937	31608	31143	31365	31358	31274	31538	31813	32793	33750	34276	34845	35431	36430	36982	36244	36848	36730	35553	35857	34465	33435	32962
0 The whole country	Females	43	23387	25259	28136	29375	32570	31239	30097	29462	29412	28571	29858	30463	30510	30914	31679	31125	31382	31448	31296	31543	31869	32822	33837	34411	35020	35565	36618	37118	36385	36999	36873	35647	35957	34612	33568
0 The whole country	Females	44	20727	23380	25243	28122	29279	32510	31190	30088	29526	29385	28569	29834	30441	30514	30954	31657	31146	31429	31462	31322	31571	31880	32930	33964	34568	35158	35736	36778	37241	36524	37099	37006	35719	36083	34716
0 The whole country	Females	45	21352	20711	23361	25218	28056	29238	32481	31183	30113	29530	29384	28533	29804	30440	30528	30939	31616	31148	31417	31473	31350	31604	31939	33078	34104	34692	35256	35861	36854	37343	36654	37165	37037	35791	36151
0 The whole country	Females	46	21026	21330	20696	23311	25180	27966	29227	32443	31186	30080	29502	29325	28485	29803	30473	30497	30890	31618	31148	31434	31477	31356	31661	32070	33148	34216	34851	35356	35919	36910	37383	36696	37186	37092	35886
0 The whole country	Females	47	20406	20996	21292	20632	23273	25101	27915	29194	32447	31139	30004	29455	29283	28466	29790	30428	30435	30885	31612	31123	31433	31451	31388	31761	32169	33268	34317	34941	35440	35996	36984	37423	36730	37258	37168
0 The whole country	Females	48	19544	20363	20973	21246	20571	23206	25056	27886	29195	32378	31100	29967	29409	29245	28453	29742	30368	30413	30866	31590	31094	31452	31491	31438	31831	32233	33320	34394	35012	35496	36061	37040	37469	36742	37322
0 The whole country	Females	49	18808	19496	20281	20940	21179	20516	23168	25046	27873	29121	32315	31018	29920	29362	29202	28383	29709	30336	30383	30822	31541	31045	31449	31553	31490	31849	32322	33378	34451	35029	35508	36094	37052	37471	36790
0 The whole country	Females	50	18429	18756	19457	20237	20861	21134	20471	23141	25025	27808	29041	32231	30952	29861	29347	29145	28312	29681	30279	30338	30793	31530	31046	31488	31586	31546	31915	32353	33391	34482	35053	35559	36126	37063	37524
0 The whole country	Females	51	18366	18373	18694	19411	20184	20809	21072	20424	23091	24965	27730	28969	32144	30859	29813	29306	29075	28257	29642	30225	30274	30762	31512	31050	31510	31586	31559	31953	32348	33409	34456	35056	35533	36134	37067
0 The whole country	Females	52	18253	18304	18313	18641	19336	20121	20745	21061	20390	23046	24885	27669	28876	32059	30829	29722	29233	28994	28185	29572	30158	30214	30746	31500	31046	31503	31600	31587	31923	32360	33425	34450	35042	35504	36116
0 The whole country	Females	53	19797	18215	18235	18258	18594	19282	20070	20679	21029	20363	22996	24799	27602	28770	31977	30744	29632	29161	28925	28124	29512	30104	30186	30734	31485	31010	31494	31592	31582	31913	32333	33399	34420	35004	35489
0 The whole country	Females	54	20016	19703	18176	18167	18201	18521	19226	20012	20638	20972	20329	22931	24714	27499	28694	31857	30642	29544	29077	28842	28038	29447	30053	30141	30693	31440	30985	31466	31585	31543	31877	32288	33339	34392	34958
0 The whole country	Females	55	20431	19942	19595	18107	18085	18121	18475	19157	19955	20601	20879	20227	22854	24625	27423	28576	31739	30517	29443	28980	28765	27984	29375	30002	30137	30647	31390	30955	31448	31522	31492	31849	32227	33287	34348
0 The whole country	Females	56	20168	20337	19862	19514	18028	17996	18056	18411	19092	19891	20543	20810	20145	22758	24543	27297	28453	31597	30366	29357	28881	28664	27901	29346	29956	30081	30591	31347	30878	31392	31425	31427	31791	32172	33208
0 The whole country	Females	57	20831	20070	20236	19773	19406	17953	17918	17978	18350	19024	19810	20458	20741	20061	22700	24415	27183	28325	31448	30242	29226	28761	28592	27831	29292	29873	29982	30530	31256	30800	31332	31350	31356	31709	32098
0 The whole country	Females	58	20725	20686	19972	20124	19642	19316	17853	17818	17908	18257	18929	19725	20338	20666	20009	22586	24297	27071	28193	31274	30121	29110	28663	28485	27741	29201	29789	29905	30441	31182	30692	31243	31242	31261	31634
0 The whole country	Females	59	21928	20612	20561	19841	20006	19541	19223	17764	17750	17818	18165	18817	19610	20253	20561	19883	22440	24141	26929	28033	31118	30000	28987	28552	28424	27651	29086	29692	29812	30358	31096	30587	31170	31131	31179
0 The whole country	Females	60	21766	21794	20479	20417	19709	19891	19421	19114	17668	17656	17751	18086	18750	19513	20173	20440	19750	22302	23982	26776	27894	30951	29842	28855	28459	28290	27545	28970	29566	29716	30217	31007	30498	31079	31057
0 The whole country	Females	61	22750	21611	21627	20320	20272	19560	19767	19296	18997	17574	17561	17653	18017	18644	19432	20005	20330	19620	22164	23837	26607	27735	30799	29714	28731	28307	28181	27441	28853	29453	29594	30092	30864	30376	30961
0 The whole country	Females	62	23668	22612	21438	21453	20146	20121	19423	19629	19190	18866	17471	17454	17532	17903	18524	19289	19861	20180	19465	22044	23687	26442	27596	30602	29555	28580	28136	28025	27304	28739	29280	29465	29973	30709	30212
0 The whole country	Females	63	23883	23473	22445	21248	21275	20012	19964	19282	19479	19059	18736	17351	17347	17433	17771	18364	19124	19705	20046	19351	21896	23495	26258	27393	30391	29382	28390	28003	27845	27160	28591	29104	29325	29818	30547
0 The whole country	Females	64	24210	23648	23248	22249	21051	21062	19838	19780	19111	19334	18912	18605	17200	17211	17315	17622	18195	18965	19523	19918	19187	21734	23313	26086	27210	30207	29210	28195	27820	27696	26984	28435	28955	29171	29630
0 The whole country	Females	65	25795	23965	23426	23006	22027	20811	20857	19651	19612	18954	19139	18710	18432	17043	17045	17152	17469	18038	18794	19357	19743	19058	21563	23126	25891	27002	29985	28995	27993	27647	27525	26806	28246	28768	29002
0 The whole country	Females	66	21291	25499	23706	23164	22788	21797	20601	20640	19430	19410	18762	18949	18551	18283	16893	16905	16994	17291	17874	18636	19206	19596	18914	21361	22949	25700	26807	29764	28798	27762	27471	27320	26614	28049	28550
0 The whole country	Females	67	22591	21037	25185	23421	22884	22521	21568	20363	20391	19219	19222	18571	18751	18364	18087	16716	16719	16807	17079	17674	18460	19034	19408	18744	21175	22725	25473	26564	29510	28567	27563	27266	27081	26413	27818
0 The whole country	Females	68	22395	22292	20766	24850	23135	22587	22211	21286	20123	20167	18995	19000	18353	18533	18139	17875	16522	16529	16637	16915	17500	18267	18839	19207	18569	20981	22513	25223	26303	29257	28325	27330	27029	26856	26227
0 The whole country	Females	69	21121	22072	21922	20456	24463	22802	22248	21909	20976	19853	19883	18758	18753	18142	18299	17909	17646	16340	16312	16428	16729	17308	18086	18635	19010	18363	20760	22253	24952	26050	28973	28027	27072	26793	26631
0 The whole country	Females	70	20624	20779	21679	21524	20121	24067	22442	21899	21573	20665	19531	19582	18492	18478	17901	18028	17656	17428	16122	16104	16228	16566	17100	17909	18406	18820	18174	20529	22021	24711	25792	28676	27726	26784	26516
0 The whole country	Females	71	20179	20262	20386	21252	21142	19748	23641	22081	21523	21164	20328	19204	19285	18192	18198	17585	17757	17373	17167	15897	15854	16021	16375	16878	17677	18167	18611	17945	20297	21756	24402	25516	28336	27395	26497
0 The whole country	Females	72	19667	19762	19853	19977	20847	20667	19365	23187	21646	21148	20749	19987	18832	18943	17888	17883	17238	17452	17087	16907	15667	15612	15785	16138	16681	17432	17942	18316	17682	20060	21484	24095	25168	28009	27035
0 The whole country	Females	73	19363	19203	19279	19407	19531	20356	20191	18943	22686	21186	20716	20339	19594	18461	18546	17513	17538	16899	17098	16773	16647	15420	15364	15490	15904	16416	17172	17666	18055	17437	19799	21204	23711	24811	27605
0 The whole country	Females	74	18340	18841	18686	18728	18884	19016	19840	19682	18461	22166	20667	20242	19865	19199	18081	18145	17178	17195	16561	16815	16462	16330	15126	15116	15233	15606	16135	16876	17366	17794	17164	19504	20847	23392	24399
0 The whole country	Females	75	17467	17824	18231	18111	18183	18297	18495	19266	19141	17958	21539	20187	19736	19376	18711	17648	17679	16740	16803	16190	16448	16104	15963	14801	14831	14923	15331	15801	16541	17089	17480	16872	19136	20493	22981
0 The whole country	Females	76	17089	16897	17239	17610	17505	17580	17718	17933	18648	18518	17422	20908	19599	19182	18856	18207	17196	17205	16278	16398	15794	16051	15727	15624	14449	14482	14615	15005	15466	16183	16750	17153	16526	18780	20104
0 The whole country	Females	77	15634	16470	16267	16613	16968	16845	16921	17075	17279	18048	17890	16838	20271	18976	18580	18278	17651	16712	16699	15798	15952	15369	15618	15317	15264	14107	14102	14274	14643	15126	15809	16392	16762	16169	18353
0 The whole country	Females	78	14817	14927	15723	15584	15875	16173	16150	16229	16361	16683	17392	17239	16190	19495	18299	17944	17662	17038	16159	16152	15340	15494	14901	15145	14895	14857	13716	13715	13889	14256	14740	15368	15993	16341	15780
0 The whole country	Females	79	13843	14133	14209	14971	14857	15117	15425	15431	15470	15685	15990	16687	16520	15478	18709	17601	17244	16911	16416	15620	15575	14795	14984	14394	14679	14401	14410	13273	13269	13492	13827	14292	14953	15536	15915
0 The whole country	Females	80	12737	13062	13354	13464	14208	14034	14298	14668	14569	14698	14906	15297	15896	15748	14774	17877	16789	16540	16192	15769	14999	14995	14208	14448	13832	14147	13861	13890	12826	12839	13017	13359	13811	14462	15010
0 The whole country	Females	81	11934	11992	12247	12493	12667	13367	13253	13465	13780	13784	13930	14071	14485	15033	14855	13988	16977	15956	15749	15404	15100	14341	14366	13560	13814	13233	13566	13324	13311	12321	12336	12528	12862	13307	13950
0 The whole country	Females	82	10864	11111	11169	11415	11710	11782	12420	12378	12585	12929	12921	13073	13189	13651	14112	13966	13187	16011	15114	14958	14633	14309	13580	13678	12928	13194	12632	12919	12711	12748	11776	11797	11986	12339	12765
0 The whole country	Females	83	9822	10039	10247	10291	10523	10810	10866	11507	11419	11680	12060	12034	12185	12290	12739	13228	13006	12329	15024	14226	14134	13737	13471	12790	12895	12211	12486	11893	12283	12074	12083	11201	11278	11351	11770
0 The whole country	Females	84	8703	8951	9171	9350	9380	9578	9959	10009	10561	10531	10750	11133	11052	11289	11350	11736	12293	11995	11493	14000	13383	13192	12825	12577	11955	12094	11496	11729	11254	11561	11411	11381	10600	10651	10698
0 The whole country	Females	85	7666	7916	8091	8252	8437	8436	8664	9022	9044	9593	9575	9843	10146	10070	10273	10430	10706	11249	11048	10584	12977	12342	12183	11872	11659	11142	11280	10696	10887	10483	10834	10739	10642	9974	10004
0 The whole country	Females	86	6457	6819	7081	7148	7357	7512	7600	7768	8035	8144	8598	8618	8860	9160	9137	9224	9408	9642	10207	10124	9626	11876	11284	11197	10863	10729	10207	10393	9829	10059	9737	10076	9969	9908	9301
0 The whole country	Females	87	5548	5680	6006	6244	6257	6484	6616	6709	6832	7101	7223	7672	7645	7899	8105	8103	8238	8368	8603	9177	9158	8701	10744	10196	10162	9899	9759	9243	9478	9017	9194	8861	9202	9172	9106
0 The whole country	Females	88	4569	4843	4896	5189	5421	5438	5626	5737	5758	5961	6141	6284	6702	6646	6903	7097	7117	7221	7358	7622	8187	8170	7752	9590	9086	9087	8888	8763	8306	8580	8147	8330	8066	8379	8328
0 The whole country	Females	89	3733	3873	4138	4116	4384	4577	4658	4803	4863	4933	5055	5305	5399	5788	5741	5917	6175	6124	6262	6410	6647	7134	7135	6886	8430	8025	8025	7864	7789	7396	7630	7266	7379	7179	7537
0 The whole country	Females	90	2893	3136	3236	3453	3396	3640	3819	3859	3959	4090	4135	4249	4468	4563	4842	4830	5015	5226	5156	5345	5537	5663	6116	6175	5983	7293	6983	6879	6802	6821	6464	6657	6327	6388	6336
0 The whole country	Females	91	2318	2359	2564	2638	2832	2799	2972	3166	3182	3257	3358	3406	3461	3691	3764	4000	3983	4139	4379	4308	4481	4677	4774	5161	5268	5089	6115	5973	5905	5777	5782	5555	5704	5449	5499
0 The whole country	Females	92	1781	1874	1924	2064	2118	2269	2239	2390	2490	2603	2649	2726	2781	2802	2950	3054	3194	3227	3379	3641	3552	3664	3882	3951	4256	4383	4247	5042	5029	4970	4789	4865	4675	4784	4620
0 The whole country	Females	93	1306	1398	1474	1507	1590	1664	1753	1799	1858	1972	2059	2067	2122	2152	2175	2332	2428	2503	2593	2692	2939	2849	2951	3161	3214	3451	3539	3442	4133	4137	4073	3916	3999	3848	3966
0 The whole country	Females	94	952	1013	1079	1134	1166	1215	1261	1365	1349	1394	1502	1614	1564	1646	1651	1701	1809	1816	1909	2022	2111	2315	2238	2325	2495	2537	2720	2770	2731	3338	3296	3264	3118	3220	3106
0 The whole country	Females	95	624	730	767	810	850	844	917	994	988	986	1024	1124	1185	1165	1210	1256	1269	1344	1364	1465	1548	1586	1776	1751	1790	1929	1962	2074	2095	2139	2601	2576	2493	2388	2542
0 The whole country	Females	96	438	461	543	542	588	618	616	673	681	709	721	749	814	862	828	869	926	897	1003	1028	1065	1139	1167	1304	1292	1316	1440	1434	1549	1592	1616	1930	1927	1860	1813
0 The whole country	Females	97	293	327	338	368	374	403	446	439	480	501	495	501	529	603	584	574	603	642	624	722	772	741	820	863	932	929	956	1012	1035	1140	1141	1180	1413	1400	1328
0 The whole country	Females	98	186	206	230	229	255	270	278	314	292	324	339	325	350	364	383	404	395	413	432	438	479	528	491	566	614	649	666	663	701	710	787	816	824	1002	980
0 The whole country	Females	99	117	136	136	154	148	182	188	173	222	203	221	237	219	236	238	253	261	269	270	294	311	324	359	340	381	436	468	429	464	482	489	529	572	556	688
0 The whole country	Females	100	74	74	92	86	96	104	122	121	126	142	136	143	155	146	147	152	161	166	182	184	181	205	205	227	213	228	287	301	282	306	329	327	360	365	358
0 The whole country	Females	101	49	56	54	60	59	68	64	79	74	77	86	66	79	85	87	81	89	97	95	118	113	130	117	131	146	131	140	172	197	180	195	203	197	250	227
0 The whole country	Females	102	31	35	38	27	38	33	40	44	46	46	53	62	41	48	44	48	44	56	66	61	78	74	89	74	78	94	83	79	99	122	117	112	133	110	166
0 The whole country	Females	103	16	19	25	25	11	21	18	26	26	32	30	35	37	23	33	27	28	24	27	47	35	39	43	52	40	46	54	42	47	58	77	66	76	82	73
0 The whole country	Females	104	6	10	12	13	15	6	9	12	18	16	16	12	21	24	11	21	19	14	12	14	22	24	23	24	29	25	24	35	30	28	33	43	37	41	51
0 The whole country	Females	105	8	9	11	12	7	14	15	13	13	16	15	22	18	20	29	24	22	21	20	14	18	23	33	28	27	27	29	27	29	35	37	44	50	52	54
#	region:																																				
#	<a href='https://www.ssb.no/offentlig-sektor/kommunekatalog/endringer-i-de-regionale-inndelingene' target='footnote'><b>See list over changes in regional classifications (in Norwegian)</b></a>.																																				
#	Latest update:																																				
#	Persons:																																				
#	20200227 08:00																																				
#	Source:																																				
#	Statistics Norway																																				
#	Contact:																																				
#	Persons:																																				
#	"Tove Bergseteren, Statistics Norway"																																				
#	 +47 408 11 336																																				
#	tov@ssb.no																																				
#	"Magnus Haug, Statistics Norway"																																				
#	 +47 40811491																																				
#	mgh@ssb.no																																				
#	Copyright																																				
#	Units:																																				
#	Persons:																																				
#	persons																																				
#	Data type:																																				
#	Persons:																																				
#	Stock																																				
#	Reference period:																																				
#	Persons																																				
#	1.1.																																				
#	Database:																																				
#	External PROD																																				
#	Internal reference code:																																				
#	Personer1																																				
